0	-3.124335669555818	-0.8238869204280516
0	-1.631655282541037	-2.813150868834941
0	-1.1312513766433991	-1.2842727920630375
0	-3.4837770197998412	-0.5950548777092937
0	-1.026738204511106	-2.2128310684806842
0	-1.966876746731852	-1.1103973218532115
0	-1.547588455852239	-1.1604632124538172
0	-1.0317494649457666	-1.2686345312148963
0	-1.236075185439029	-2.527746243219358
0	-1.978076992374207	-1.3106375096991711
0	-2.5821681578180096	-1.6673860608728508
0	-2.5861582537588967	-1.8593042297838454
0	-2.5396157739030385	-1.2220683106080037
0	-1.3398754135731215	-0.9276526018768227
0	-4.006016655092343	-1.3314783931512346
0	-2.966229957499701	-1.7702490486420484
0	-0.8700974769564771	-2.332098757445673
0	-2.4908799555376944	-0.8630125879196474
0	-1.956121529479684	-0.03477535123875519
0	-2.60616150945747	-0.9336058477002755
0	-2.559426082815314	-3.6314691793803746
0	-0.9699579902519422	-1.2853163396065466
0	-2.583790026707911	-2.0129187392021217
0	-3.3171785608469806	-2.23958326967318
0	-1.406892920454338	-1.6444569124344908
0	-2.4404032584425095	-0.21502900492717414
0	-2.4533321813203925	-1.640611633326316
0	-1.070536931736703	-1.7244664633634326
0	-4.620101592028682	-1.4473129257974116
0	-1.1917542204413543	-2.516505382850836
0	-1.1690418297290632	-1.863195285617373
0	-0.7348904857073877	-0.9649640722055637
0	-3.2311000307422053	-1.1244107164864519
0	-3.573340168501386	-1.6856513173681962
0	-2.6490386461394784	-1.6737878007676887
0	-3.8498331005900823	-1.6557306900641209
0	-3.9576880666310075	-2.186482270975555
0	-2.398621169614535	-2.994306024687768
0	-1.5011092974769957	-0.8598442772068635
0	-2.075514034308841	-2.3442279724059225
0	-2.411155280553888	-1.3935686680750883
0	-3.028406637930946	-2.3602085602173832
0	-1.1394390615799583	-0.25212769230282595
0	0.08871990132449703	-1.1727046080650165
0	-3.0578644912083743	-2.3311384147769916
0	-2.3029538637244253	-1.9877726061158056
0	-1.6339161404389766	-1.7479387817134433
0	-4.643078121984657	-1.618131512127668
0	-1.9150433822177164	-1.1380265382930033
0	-2.3941387580381304	-1.5451959671439113
0	-2.9809484276313745	-2.320215033816173
0	-2.773088678890929	-1.1558150801896887
0	-1.143576673400488	-1.776551535308592
0	-1.7890908147279525	-1.5660019575708886
0	-3.0348218718223037	-2.0653558499680553
0	-3.479201684662931	-1.2237743366684872
0	-1.4214567672625682	-1.7406756447098342
0	-1.0621650547938528	-2.3880753050887886
0	-1.9365143021299955	-1.2066915174011705
0	-3.371504404349546	-0.4467696696915334
0	-1.0095517813781192	-0.1824303246632648
0	-2.697695157577985	-1.76283720050618
0	-2.3534636550383103	-1.924961269276562
0	-2.0318531551875942	-2.854068265654533
0	-2.4869498397260745	-1.230125495421197
0	-3.3842678476824517	-1.9594052294760282
0	-2.108290346633077	-1.9222670285156505
0	-1.0307209954720593	-1.1987021117117955
0	-0.9175311461457538	0.04227528444286488
0	-2.247441969300862	-1.7192772928180082
0	-2.4215010945252033	-1.2916907255658914
0	-3.0995580247667895	-3.0352540020125423
0	-1.8124639111298548	-2.15657558819041
0	-1.221310878304098	0.2672521737914533
0	-2.550243817730667	-2.4847122959533445
0	-3.2778231300046854	-2.0878148416330413
0	-1.6951801115409797	-0.3459344774843922
0	-3.046301673932015	0.1033924881992001
0	-2.001447351837867	-2.781805982236614
0	-1.9134594514916656	-1.7923098986392254
0	-2.272738499491093	-1.1467301779912027
0	-0.4459448095260754	-1.8773291057647654
0	-2.8429907410501665	-1.089127021183756
0	-2.5565920623218568	-2.1775599860105253
0	-3.2070326568148517	-0.5810574880156011
0	-2.1846682565851006	-1.65432899975074
0	-2.917845360014176	-1.6565542762934942
0	-1.4339363170647264	-0.47287803945524276
0	-3.259987182730465	-2.027582488336495
0	-2.0585828303355065	-2.316873903368099
0	-2.371333939124922	-1.5017014044634547
0	-2.902070776895754	-1.589598970831779
0	-3.251469966804139	-2.0036835329759497
0	-1.5249534686070754	-1.6918441336771135
0	-3.1073319850066587	-2.4607497090334496
0	-2.5227110020587955	-2.3357688944414905
0	-1.7570132243394028	-1.6565680910889098
0	-3.0809607459772375	-1.7225735503160238
0	-3.3874466344228837	-0.7050314631077946
0	-0.7601699746623787	-2.130219862597933
0	-1.6612046434928505	-1.3384177627612246
0	-2.8313452992329684	-1.6067109236590664
0	-2.3544901442178747	-2.3502889046832607
0	-3.103195205333278	-1.1554275074219642
0	-3.3801758725469306	-2.8886346819103874
0	-3.4774460088055417	-1.18536724373529
0	-0.6518055434611356	-1.8853558335359362
0	-2.391931263628117	-2.1499065458400315
0	-2.865064361256701	-0.8847595128408341
0	-2.301049500219959	-1.5799471712122901
0	-2.06942813255872	-1.2740618680110287
0	-3.614722930001348	-1.7059522438336847
0	-1.7575443957266335	-2.5691427608743562
0	-2.0876571678428015	-0.8860960349135849
0	-5.374103130639062	-2.0285922894594606
0	-3.7874668469047537	-2.256979394489022
0	-3.3085418598389484	-1.777582417392106
0	-1.0669540733898364	-1.949157430920423
0	-1.1063639656537005	-0.7747143585839052
0	-2.8270223761492765	-1.5802477467294642
0	-1.754226139411842	-0.5064141013102351
0	-3.953216969364488	-1.4451952218169135
0	-1.9583686123103383	-1.5670151324304
0	-2.001176545703934	-1.4325182965086576
0	-1.7593058753074247	-0.5704088220063759
0	-0.5370998170459098	-1.7408589600929574
0	-3.207354356983936	-1.6980549516247763
0	-3.805074667708534	-1.6299957057335543
0	-2.842604766737038	-0.8007858293296474
0	-2.6541883610771477	-0.8611050399189836
0	-2.7937556914946855	-1.3464817948695345
0	-1.9572181822784236	-1.1084494903877702
0	-1.0990233064499582	-0.6246294085656662
0	-1.967881944572066	-1.1305230771007067
0	-0.3352263274736791	-0.2305626618597263
0	-4.025163617842473	-1.996104981814803
0	-3.0247895931611795	-1.6807812527488015
0	-1.0211086728389804	0.26774251163335205
0	-4.078004098997285	-2.4948671086834358
0	-3.527367908019564	-1.3461364885734057
0	-1.9524749694673038	-0.7934320930405044
0	-1.7144616317067596	-0.8494708646398074
0	-1.3965941857158637	-1.8245659639621625
0	-2.4041265825177405	-2.4273430498945365
0	-2.3701885920802264	-0.6630668963971768
0	-1.6050365625397975	-1.737925353721986
0	-4.3192331485056	-1.199163788332996
0	-1.342386173095624	-1.447784454466875
0	-3.3226607011624143	-1.3411507187151976
0	-2.469746806137153	-1.702024335525802
0	-3.442131494960801	-0.5631215885140097
0	-0.6142748470330173	-1.545484851221408
0	-1.6372978378206984	-1.710402864149268
0	-3.305430937531998	-2.567409127639793
0	-2.586827359111713	-2.0199198773294245
0	0.5765184387298574	-2.1268601897985135
0	-3.3630689525239026	-1.4703929418626591
0	-2.200489231585406	-1.8525934768432608
0	-3.91206032165237	-1.7914040505483966
0	-1.2155385027103223	-1.237428868189157
0	-3.120647670176642	-0.7560052156614356
0	-2.7221116475849794	-1.662001644997076
0	-2.7000808453414136	-1.5692833279852159
0	-1.4655375617055224	-1.7425982932521729
0	-1.5413488968325406	-0.7569244827609407
0	-1.7416546144560054	-2.2548759780437124
0	-1.7075688851140143	-1.1206406286803974
0	-1.6110244632102952	-0.7001970571426304
0	-3.0732910881048325	-0.31553993076087483
0	-3.64652964429447	-1.0087115176205788
0	-1.5177515539174005	-1.5564397705086461
0	-3.4810965411920534	-1.5396704318383663
0	-1.029883639353308	-1.2374224796205635
0	-1.8109720830847675	-2.4180546149499387
0	-0.3013254760762689	-2.455406908330806
0	-3.054405084318173	-2.225452635095371
0	-1.3984207139856624	-2.137991002350962
0	-3.943846200418786	-0.11915836601320651
0	-3.0789666323044416	-2.252241191544566
0	-3.218767835440641	-1.4728829235782792
0	-2.3718374182909487	-1.037596286153846
0	-3.4937051652961735	-0.47770131837639107
0	-0.17431499110465687	-3.7886733854116637
0	-3.2489190809191757	-1.1075869701057557
0	-2.598398848768649	-2.1885145565876747
0	-0.29675406775221136	-1.627225803206593
0	-1.4859182205318664	-1.849231185738389
0	-2.788659037324085	-1.6747624716536393
0	-2.391648022415971	-0.25537334973616277
0	-1.267310081450112	-0.6035672554976035
0	-2.976993725896074	-1.4039547738778748
0	-2.2387179062015705	-0.9201708132404227
0	-1.7289108371105328	-1.1204283110076747
0	-1.1916870005670044	-1.3747070809264677
0	-3.3214420737547643	-0.7239467265969475
0	-3.1181720703672022	-1.615297295394299
0	-4.229275993895018	-1.3761902968519315
0	-1.1871197637793067	-1.2920381067701832
0	-2.106572196309575	-0.4357636781466917
0	-4.691214915432541	-2.7627576141561327
0	-2.0754850172822814	-2.122208406582677
0	-2.5461294281199147	0.17623224807906324
0	-3.0277395815772428	-2.005766503861419
0	-1.632632645916999	-0.24126605236073972
0	-1.0216951921746928	-0.5313291560906528
0	-2.3845319796879254	-1.881964618447598
0	-2.724394384361103	-2.4904530679390735
0	-1.6114767832092243	-1.5632727179583956
0	-1.5586641907174639	-0.6822523137753923
0	-1.9555121537866704	-2.890401457470719
0	-2.835450878732451	-1.8829139372968595
1	-0.9223680503163544	-2.949515293737275
1	-0.43826728536987325	-3.309013988111421
1	-3.4952541153958787	-3.611650868603688
1	-0.6536502704741696	-3.5467492611071694
1	-1.2077373085281269	-3.2909401731263586
1	-1.5366865510893835	-3.5299133415793627
1	-1.9051565621945756	-3.1212797821489984
1	-0.9511491436950843	-3.837242206197647
1	-0.7783401619145547	-3.643876954335562
1	1.1029085602809487	-4.125140480873839
1	-1.138319063498387	-4.010144287797176
1	-1.5126721402063958	-3.230485239746677
1	-1.385974899509216	-3.655560538300941
1	-0.6563245396217988	-2.8609334225678564
1	-0.9583381315098107	-2.2294548417146487
1	-1.776065761053956	-2.8961214204120913
1	-1.9898166219753763	-3.1944094342599136
1	-2.182454615651093	-2.9963992104122426
1	-1.9463059985805287	-3.2038340120861335
1	-1.2213094001526685	-3.6476329093847233
1	-1.9431965450801252	-2.540500453546776
1	-2.291509379828228	-4.087958029729771
1	-1.295359805256173	-2.8874916034616365
1	-1.899016864343472	-4.180099401314749
1	-2.46137211112491	-3.214524980490682
1	-1.5323109800618866	-3.097036576017837
1	-2.387418867367111	-3.9967599974677652
1	-1.493895332010257	-2.875456919749251
1	-1.80031590866429	-4.324671625339815
1	-3.065145361595282	-2.4448797253226093
1	-0.7098528862420033	-2.641886387750791
1	-0.2268181508601974	-3.6522126905627124
1	0.4233345422547776	-3.3175255649990225
1	-0.5050989041253949	-3.415105304353482
1	-0.6322635038101043	-2.3489575219842846
1	-1.7632537366041574	-4.26787279621474
1	-2.2643256327869357	-3.527568822346047
1	-0.9299575121150745	-2.1703686310365513
1	-2.461411121369813	-3.8867074600044567
1	-0.09964282958193116	-3.4602120871779034
1	-1.6566435719651411	-3.337046427512737
1	-2.3391744514065542	-3.0142954694714827
1	-2.6413865582905105	-3.449230433998012
1	-1.9447114955835278	-2.60806915870603
1	-0.9623095380750837	-2.095187199391259
1	-3.4201763800729053	-3.247306408993052
1	-2.3616360678504793	-4.340840317442213
1	-1.3846348410651446	-2.295672001090179
1	-1.3826164940032475	-2.9509009991818522
1	-0.8614152736814729	-3.358302818091706
1	-1.6319606688160762	-3.658248630506815
1	-1.401457469082907	-3.9266964309883376
1	-0.8180401826909203	-3.9523542972932475
1	-0.16862731550415755	-2.740898031149823
1	-0.8115803851750616	-3.516018383948696
1	-1.7449616673733075	-3.4543521188717135
1	-1.7577851490841099	-2.4419626188168357
1	-2.502470094602674	-3.453327214211196
1	-0.20086402632477363	-3.3552259669334816
1	-1.7403275125412807	-4.197784867725357
1	0.33163604546228576	-4.184634500600349
1	-0.37582659058921064	-2.701759497514213
1	-1.7486517346516495	-2.3624360374031057
1	-1.9370425745876663	-3.259139776050497
1	-2.26510187305494	-3.8503725391406687
1	-0.9741385468605579	-3.6005471351748706
1	-2.467963437679619	-3.9059957628709245
1	-2.264240721698407	-3.3496654838741655
1	-1.3768611091401735	-3.228727806178717
1	-1.2725218681226698	-2.6090229968455056
1	0.40018571766045996	-4.151399264309525
1	-1.4922065703691538	-3.5463528184845603
1	-1.0608571348753124	-4.159921028868447
1	-1.8091930065185096	-3.0697596325441814
1	-3.7617490892987	-3.6286154906702963
1	-0.5973434573458001	-3.874128846164317
1	-1.637640587332691	-3.4543288436211705
1	-1.762326025330452	-3.9521099414834495
1	-1.8094605477466308	-3.219948777548523
1	-1.674676853599508	-2.7211936131895555
1	-3.616192368187458	-4.020810077507557
1	-2.2707374059696606	-3.2507320407036686
1	-2.1613673397082156	-2.438968155741536
1	-3.078195481034947	-3.166279595241063
1	-0.8171728987048337	-2.8256171679862248
1	-2.0221119916310206	-4.255327679240614
1	-1.3561463520360801	-4.403258778409314
1	-1.5276179842505528	-3.689831105516195
1	-0.9529804907549976	-3.373386064542675
1	-0.7301171568056383	-3.5294269351798584
1	-2.082233147612579	-4.1791262275325
1	-0.9366707108282055	-3.1651769281483535
1	-2.647457829338822	-3.839499343868772
1	-2.213783979477241	-3.6460414102581864
1	-2.0292046954478757	-2.417263862202691
1	-0.5734941547796858	-4.026363025642713
1	-1.6492109913999409	-3.7788152963184003
1	-1.900140928940261	-3.5093682386376726
1	-1.2591513173838145	-2.894357202469314
1	-1.6562989118525173	-2.49765973590405
1	-1.2865495071727724	-2.062833277973234
1	-0.9875556738138882	-3.6361578003877213
1	-2.1050052173397122	-2.8351247192051083
1	-0.7085172563362857	-3.4474238857103243
1	-0.9918788617856464	-2.850263903822323
1	-2.5067671136432637	-3.3060522696111865
1	-2.9236399863046607	-3.296856611141941
1	-2.1629447875070227	-3.337762998035498
1	-0.8330499887944268	-3.156296697806153
1	-1.5520787715021074	-3.312536908146433
1	-1.0766927116706704	-3.161949202491827
1	-1.1330813978641947	-2.240800190915305
1	-1.5325558961453136	-2.673149379455924
1	-2.150716556687755	-2.8769492655249485
1	-1.1099398793346698	-3.179154024132655
1	-2.70069795990035	-3.202722760335673
1	-0.5331420685345564	-2.9950792962605712
1	-0.609874262562832	-3.9006620480714225
1	-1.2681523331691449	-3.675083347383489
1	-1.3833404032203538	-3.064536987460963
1	-0.5262522982393558	-2.915173120333322
1	-0.220221720806411	-4.466475352132915
1	-2.204816633662596	-1.4910380627394688
1	-2.167974274466138	-1.2626357172720444
1	-1.5616082696090476	-3.402573966248885
1	-1.5949962482743187	-3.4151112925830063
1	-2.4529529079741614	-4.043395035077041
1	-1.4714793557047658	-3.4370641409257865
1	-1.0750482695448083	-2.540129406977912
1	-1.6995405051296815	-2.741454868687502
1	-1.4999971281513516	-2.3350472777809834
1	0.4366550982450712	-3.2079979385916206
1	-2.4807170923592388	-2.0309685809181595
1	-0.37146033503825815	-3.0974269708610858
1	-1.0605723656371875	-3.3975566315979155
1	-0.8138149301172953	-3.863820837362475
1	-1.4521343955717263	-3.166779266877727
1	-0.7529071815142144	-3.4992942503274875
1	-0.9015192373987952	-1.9909707715844869
1	-1.0567112094310236	-3.890573453536349
1	-2.4001949454345293	-1.9098063012351751
1	-1.7016039839369042	-2.603124526356249
1	-1.7182347909120856	-3.234706419993004
1	-0.7150016875106977	-3.8376198138978657
1	-0.7802890140076355	-2.881111891819659
1	-1.6559676946559554	-3.108264702967826
1	-1.0950142105352327	-2.66984978433009
1	-1.1865024288623962	-3.600078639129544
1	0.28319882174417166	-3.866365468056477
1	-0.8917114209256928	-3.012524294404596
1	-1.4601909200354046	-3.84755729358063
1	-2.2406972520498702	-3.180368114696887
1	-1.808022464306141	-3.0206004192060387
1	-0.5064877682153099	-4.260502922738282
1	-1.7745866532127894	-3.7187889728650525
1	-1.1190128461416018	-3.2190024893808085
1	-0.9690838467448464	-3.1658796872039194
1	-1.8309655705075385	-3.072052739670904
1	-1.2114503177927136	-2.692167579370085
1	-2.5940293051347347	-3.4886085081422644
1	-1.5574692250847697	-3.5060917081771095
1	-1.968256211567516	-2.6235636536131497
1	-1.929240809548059	-3.234873038781605
1	-1.0102497278572127	-3.140662485889401
1	-0.644842995753463	-3.418715097954875
1	-2.3678808881138593	-3.835950761485284
1	-0.5110955742471343	-2.9672274441007014
1	-0.7743957034486191	-2.9765280722537204
1	-1.3154472188168316	-3.7718961905486386
1	-1.8939322327106944	-3.746083917071693
1	-0.8813110368788744	-3.005166904739417
1	-0.5931069714699163	-3.0831635157611017
1	0.16249157361814404	-3.7016569492633105
1	-2.1955475157869806	-3.483998897344791
1	-2.0532639131026134	-3.585111720993139
1	-2.951787706233235	-2.734773319988806
1	-1.4490894852310203	-3.774664784495574
1	-0.027526990689616504	-2.858942047437889
1	-1.36251453434903	-3.1096123081118217
1	-0.7766720566458581	-2.4439410233544345
1	-2.0979919719611786	-4.082680315488885
1	-0.9617738754486549	-3.8169328439496306
1	0.1175608294700976	-3.7497970128501454
1	-2.037369848674753	-4.282584317487719
1	-1.3962098691038003	-3.036125868355125
1	-0.44779386935194265	-2.8975836896837013
1	-1.2397878823722648	-2.443169808253379
1	-0.9219648456240009	-3.4870016996067603
1	-1.2238825765538954	-2.7127409513348417
1	-1.613135302853467	-2.614258768099892
1	-0.891229815629166	-2.7246060577611195
2	1.2191490832670695	0.11056461480942847
2	0.7439157471499875	0.36380751431428077
2	1.2052271923322604	-1.0627472139681218
2	1.7924991364316678	1.111558879158885
2	2.070491106732018	1.2815477209201283
2	3.083111578998507	1.7989085464479972
2	2.5493862087670256	-0.9312616044066713
2	1.757764631973441	1.0819858676750564
2	1.5509363427388438	0.8647347597283999
2	2.8146385232020776	0.18086253347555842
2	2.0267806570523694	0.7270807161510757
2	1.5915237192814922	0.0863445090440193
2	0.761153425221246	-0.010140113746613166
2	2.06064025031733	2.751175238642203
2	1.9146970257621878	-1.1442528372807554
2	0.4526114672488304	-0.2265277418528978
2	1.3308628000621427	-0.20806059661839427
2	3.7475661512538485	-0.1199405475952956
2	0.1681457642579074	-0.23002385810989923
2	2.4029651688691764	1.717109671814266
2	3.60258320159173	0.2893970472674049
2	1.477660097530892	0.5322621834938613
2	2.707653761910641	0.7525992198305638
2	2.8710997361897315	-0.06825933994166478
2	2.5409611344270253	2.0868140815125287
2	2.977179721154875	0.6696283204638976
2	1.1998614024375578	-0.7504857646771284
2	1.2602386692631962	1.3870851949398513
2	2.3374692305835483	0.9550654023014342
2	1.0952247017219288	-0.4886901236168595
2	1.0737605732844302	-0.23638552693199022
2	0.49008262188041374	-0.3934645264275506
2	2.161205313145554	0.27555378044892925
2	0.7323980155493595	0.5506279955075963
2	3.4416236008629815	0.2187518585293911
2	1.8980196502672848	-0.9707007578312317
2	3.0034444022660334	-0.5724549608678684
2	2.2047472237929004	0.32912422408433917
2	1.4171666400938026	-0.3455868524386124
2	2.626327163949796	0.9715053438111237
2	1.3166917705313668	0.5089527866759175
2	2.3843300851323077	0.7468673905726375
2	2.8752457102430946	-0.5608455101329359
2	2.5709957368114753	1.4039825177833234
2	1.022310035201851	-0.10249662301355345
2	0.6763835610860078	0.794129507638391
2	2.4686003823238125	0.8585804473958565
2	2.5167076021861297	-0.15911539769774763
2	2.3324611242562763	0.09511087247287281
2	0.7835305688313714	-0.6841411052877573
2	1.4446123745090773	-0.10400504177988845
2	2.4979583571636024	1.2153657416455683
2	0.354628135886325	1.2892803917162157
2	2.275645853938642	0.776565494943729
2	1.4548365999520403	1.3263015177304616
2	4.021151190186959	0.15815876594587597
2	0.7345226895508128	0.7143820565923278
2	2.5397654160836503	0.5299111704037855
2	0.46634006992557997	-0.5145617245870264
2	3.232666526805305	1.2506190094568828
2	2.792820560608481	0.6099487621505539
2	0.7254046763359581	-1.0343159410828655
2	2.8979867329834113	1.0057810517166463
2	2.1463913302477815	0.13121682970540482
2	3.0627546505250978	-0.14013321378045984
2	2.4390694653232003	0.6708319713957128
2	5.168566531349149	1.0316771211652027
2	2.6890228730597863	0.9234970085654709
2	2.181287869482732	0.11156247913257072
2	1.8463612906685194	1.0081448398822634
2	3.1670117915012614	0.7547077845823426
2	0.819733859870998	1.1847510390742086
2	1.1631595219090851	0.6021346535400575
2	4.413172901967013	-1.0252269819738118
2	1.2301922373251961	-0.15670219809119235
2	2.8101751979840017	1.1467131991896993
2	-0.3844210373201835	1.3269471375890673
2	0.8270830499850701	0.4020370444699286
2	3.482332742955565	1.771566386413687
2	2.688249586331952	0.4233163552275667
2	1.305657903351502	1.8506410862493101
2	3.231043637848922	0.82574621396611
2	2.764455683183262	-2.612896123745233
2	0.5310822038312166	-0.39048291752809783
2	1.5688380846664363	2.2741450654266098
2	1.9565062940292668	0.3634549510669642
2	2.6816795791810737	0.8233521447441863
2	2.0587047052971816	0.43010729452128976
2	1.0161895652524426	1.427622894233368
2	1.4212808029446367	0.9091241037292861
2	1.519787604924932	0.1958138581646301
2	1.7122207671838239	0.0637124042030418
2	0.9561973501594716	0.787415651669105
2	1.4788574915242874	0.5900079574985666
2	0.10406009253981785	1.0193266478785807
2	0.43732085144193844	1.578316870310649
2	2.9506567706887514	0.755807791419038
2	0.7620572282794247	1.2456040089445128
2	2.3828232408775682	-0.2071857510744306
2	2.0974963710404824	1.3182198023252578
2	1.5760403861159205	-0.303125508856689
2	1.8915180432227852	1.4415968549445803
2	2.9122259467156573	0.11353965111089676
2	1.3719266458086787	1.6274641973008743
2	2.188494486859279	-1.193023336086976
2	2.6555802667912465	1.2547480483113973
2	1.643998012278992	0.7344137998416652
2	0.7066153162401476	2.2203850141555495
2	3.2667424698370553	-0.5944399595322758
2	0.6824679257135842	-0.8936848241995965
2	1.3470663689632092	0.2631637358116242
2	2.2021121822463607	1.6464907290266722
2	2.9118532300400646	2.2295628634479803
2	3.8765604037088806	-1.2589908652145105
2	2.3153240437976237	-0.754979666639338
2	0.62849000043248	0.8380900157555775
2	0.647774452660798	0.7483020072175812
2	3.4608673326057717	1.5840589193689807
2	1.8020800534707087	0.8812891841253778
2	2.4819443315726595	1.1231575148365602
2	4.1628839808717215	0.9407132063928958
2	2.1905093654173333	-1.0318343874889622
2	1.9353375568296423	-0.7362022518796656
2	3.0344006942835406	-0.49847848508683446
2	1.8471624935566324	0.9614399941442633
2	2.2013233161358516	1.5766397832622758
2	1.1276394860896746	0.012590037640636154
2	4.144150296374802	-0.37568380184125916
2	2.5855015289033276	0.9879905955418959
2	3.3114014050492777	0.03650793355300658
2	3.569455079548452	-1.3011666475540629
2	2.0328942456915122	0.23175068705772162
2	2.6424395482574687	1.9965531182494534
2	2.2179848445058075	0.37477583401915426
2	1.5557130248583397	0.9121209621478223
2	2.6077762161922995	1.2717925552711136
2	1.0752619825830325	1.2230792048716501
2	3.856642670408871	0.471021971680521
2	3.271170911481454	0.7347188994474922
2	1.431635314482563	-0.027793884215038367
2	2.3170577366015004	1.1958791835781848
2	1.9764794160243517	1.0793860822989303
2	2.9764327430497417	-0.47141686710698183
2	2.7862042555594204	0.2720563540938938
2	1.0078847649480525	2.133563958333106
2	1.5565690904169394	-1.5389041549706863
2	1.739605847057247	-0.8191463595124509
2	1.5276965308776533	0.21597780680519962
2	1.9790904558293045	1.1886415609790404
2	2.66545222416323	0.5589973079549961
2	3.511281654910708	1.017379686694695
2	1.142559818931033	2.084607839883125
2	-0.7497614765823095	-0.8145454730794441
2	1.7488003281873294	0.2838445881029357
2	2.599827241864409	-0.6699624306804797
2	0.7400738516677248	1.9830339741190046
2	3.673882519422422	-0.5744094343012414
2	0.05278410277706502	0.9985438331828607
2	2.4877410955000503	1.457472162737049
2	1.9038478516440014	0.273690660234871
2	2.231795703864287	1.5707700530705146
2	2.487340380423882	1.7422510200606696
2	3.6050793590229917	0.9977509689711609
2	0.11174214893690682	-0.5927250837410707
2	1.111669210432361	-0.11713444382154348
2	2.383473040371074	0.5125210221925519
2	1.786305010330389	-0.2186428016190355
2	2.6073021037018282	0.4593780799124092
2	2.601564452664784	1.8131747112409138
2	1.7846498150452947	-0.5618154836457987
2	2.1872355599862527	-1.0574613953654621
2	3.012117089584959	-0.11188994841131894
2	2.0397485414278633	0.9798048490294262
2	0.7715874516567842	2.833673044146228
2	2.360439547483069	-0.25944275105335357
2	2.4746976730204557	1.1594343520097632
2	0.3358642830787786	1.1983132283396165
2	2.59116252770066	-0.2680756903830265
2	3.0995013215273657	-0.35701491759099724
2	3.3676143782256114	0.20969924520143995
2	2.4370180354105773	0.22296560982448071
2	1.985037746559227	0.701425423303813
2	1.5388504894038726	-0.04517485262737475
2	1.1619553231489195	0.8172635631580443
3	1.648343331912364	3.169038623333079
3	1.7274647849794613	2.680950494292009
3	-0.16660665159984064	3.106911898738452
3	1.5303007249588685	3.4967717381001284
3	0.6198515907023092	3.5029743220072374
3	-0.8486808130023731	3.6573997074440507
3	-1.0344013428192762	2.911050269256822
3	-0.8678684726070856	3.852120226803742
3	-1.6672985462306251	2.932493640496736
3	-0.7870854589771656	2.7648157079172098
3	0.5730130889027014	3.297896817826534
3	-1.1642245879088706	2.8227255237258797
3	-1.611911597178934	4.106273298191304
3	-2.4318110007714804	2.976043230052073
3	0.2952578573208337	3.089803122268249
3	0.6453381646369294	3.0085124350704886
3	-1.5092349340023496	3.1696407332780496
3	-1.095631036446591	2.632208123556313
3	0.3909558917753661	4.008458171613883
3	-0.05271156275963662	3.2380629763369466
3	-1.4774721022668214	2.9946426036036797
3	0.641292286229322	2.401081259721706
3	-1.261624943315409	2.402596215961941
3	-0.1788070572791903	3.102561688551125
3	-0.17676927510480858	3.7771884910843903
3	-0.3016508493510381	3.674989688933234
3	-0.40728672948013966	2.897193405977146
3	-1.3154448543699586	2.7457827009181877
3	0.042061101731314054	3.5837179162145825
3	0.055091288333459054	3.2814791915268597
3	-1.6439543516499873	3.9456108095337283
3	0.7133654429581828	4.093875642432906
3	-0.22350891904459488	2.9676077992218217
3	-0.26997624108983453	3.632637664147946
3	-0.19218387717234764	2.9538961918219617
3	1.1942101864538557	3.092742976808661
3	-0.5853862144156046	3.716193377636897
3	-1.1080441525515203	3.436840947110307
3	1.6334806182264299	3.3330334814970146
3	0.3492627505602402	3.4363544779944997
3	-0.07485566265601115	2.8833836458562336
3	0.29076479336133615	2.8197429465303623
3	0.08647684752359819	2.8798470998553256
3	-0.8566890674226	2.9955670013192393
3	-1.8991056251671692	3.279122060514589
3	-0.6004866935680976	3.751428012323713
3	-0.31134922351030614	3.5894457927662575
3	-1.909513007898433	3.1688589482604543
3	-0.8300337032387797	3.0597368575743857
3	-1.3616874843149587	3.483680376242567
3	0.21711078899906172	3.087179593849093
3	1.1606888792132142	2.6502079775055916
3	-0.498099872212215	3.442189883893933
3	-0.19208085701828084	3.75120022853819
3	-1.3310049103738293	3.850717425289916
3	-0.048213560959550705	2.998900493173864
3	-1.1454948786416448	3.5202270624742757
3	-0.30894690048251583	3.992874628790088
3	-2.5902970014702418	3.588012607997506
3	-0.44699928898813013	3.7124750811620575
3	-0.43393941556357163	3.6177619229279943
3	-0.40503624442233377	3.507222663584648
3	-1.5328618042465645	2.9157834293184157
3	-1.6157185301498111	2.4453727726178593
3	-0.21645119235866284	3.8809199779240666
3	-1.0136195666112093	3.6368746733018016
3	-0.7724363581255023	3.7589701531667283
3	-0.44133821179425137	3.158903190179693
3	0.9514161872767533	3.0423694988011256
3	1.085143476733693	2.884439332204142
3	0.7743719588407787	3.354343093198949
3	-2.232559424714984	2.792482746157179
3	-2.341631607685683	3.553299552592016
3	-1.0799245240907525	2.5430524525090354
3	-1.3466191828251466	3.1623703469362634
3	-1.7414252563789998	3.499461077637126
3	0.17972832618414025	2.234287877359719
3	0.8286225493381028	2.990254595057793
3	0.18833197054453726	3.1642808509749134
3	0.6234531329105868	3.3377666867743554
3	0.6497170841988591	2.9598287321078787
3	1.166875574398498	3.0732837511440625
3	-0.6389560342769003	2.9966882442545986
3	-0.5454245820763709	3.9852985725993824
3	-0.41443909700161824	2.9116582275813516
3	-1.9540232227390177	3.5086573518465025
3	1.1418643520171377	2.9824362249829854
3	-1.1216093979207218	1.7836426686261677
3	0.6062945272740543	3.83232359745931
3	0.04209296678872804	3.939983626919621
3	-0.32082554675403485	3.07645846616769
3	-2.327049544375379	3.2197414328583487
3	0.49825102009273964	3.3270701440382298
3	0.047892066253540144	2.8813923622050006
3	-0.3992207384425531	3.4325561457139773
3	-1.1972449684263144	2.9664076252152647
3	-2.125598830331942	3.5489725483264007
3	-1.2508631827851562	2.3146095741099852
3	-1.212968960166149	3.1947846093767196
3	1.3891656163556785	3.2945985078125286
3	-0.2820052284031548	2.813754169373441
3	-1.2277593788477286	3.374379841415365
3	0.5142834933179916	3.38556350880904
3	-0.782226995215515	3.277221050781803
3	-1.8552776178871333	3.330029582520201
3	0.7517236853187905	3.4008582600282686
3	-0.6493934774902683	2.9606977037402484
3	-0.27083941146586277	3.100944269656927
3	1.0826576502856877	2.937559521107617
3	-0.8138285722566578	3.097776355277323
3	-1.3391082666379845	3.3873812437552493
3	-1.1891271391508218	3.5837656550255206
3	-0.35717301348279346	3.558411728346235
3	1.9291021361953682	2.719420945130379
3	0.9096458122350672	3.8184951740958457
3	-0.7611426774982586	2.9466731161345137
3	-1.1651873199832434	2.5419004301934747
3	-1.271120200579565	3.44180509875057
3	1.266776305610537	3.2999215780023246
3	-0.9077193113754991	3.3037913009851647
3	-0.416215805605036	2.991925034021006
3	-1.2873714864905295	3.2170249651450793
3	2.17492392501861	2.9785876169162573
3	0.4009334605219366	2.7575759257192205
3	1.473574003208569	2.6018702250308388
3	-1.0417578218031125	3.345307498222503
3	1.885162797528404	2.479081311425364
3	-0.3755963139535145	3.5096673581064515
3	-0.06040121265498444	3.1785968114040486
3	-0.3769371677090792	3.028798626227513
3	0.5054550963332316	3.410960755457673
3	0.47791401272097217	2.6648536233469446
3	0.006520441074730099	3.3214556894256653
3	-0.5266454349930345	3.1249119374360905
3	-0.5891919265905883	2.877011955043269
3	-0.3362626228334006	3.9825826429436795
3	-1.0789036523581954	3.183789835780835
3	0.2176015333525922	2.9139898676489384
3	-0.5625516810038348	2.363082721317004
3	1.0482823171450397	3.0118648566097885
3	0.11575431280688109	3.224018828232291
3	0.5730553021090288	3.7930605309503154
3	0.1319456129955126	2.887553713428269
3	0.9663599380865031	3.11167901377898
3	0.5319555419261812	3.731336317731465
3	-0.9314434756732821	3.4205045695577705
3	-0.21301858020078435	2.3919884743554034
3	-0.23217622201574062	2.983916050728095
3	0.513745398080224	3.0832069041369654
3	-0.32577044023892765	3.0549342207285446
3	-1.816788466932239	3.479800453020041
3	0.20169452781954572	3.6677226321353285
3	-0.5779841805398906	3.274664750396809
4	-2.6237117513032815	1.3486313645759769
4	-2.5942366335353375	2.337082550416511
4	-2.1103080276144706	2.1037444911702976
4	-0.6618963847803447	2.065557656363492
4	-1.5212460793598013	3.1317577836199626
4	-1.4228780595394899	2.278595136970132
4	-1.773082633462972	0.9779333193637619
4	-1.550258767088519	1.7025773870011132
4	-3.085022954789907	0.835891888232324
4	-0.884036983328909	2.225730838276161
4	-1.9107479405820578	1.0618152157327896
4	-1.6594068997537756	1.665768209689386
4	-1.8153005714128034	1.002026046321698
4	-1.570594122222219	1.2895097602929015
4	-2.4614356499352774	0.38009219383961557
4	-1.7469733785333545	1.8085979629708653
4	-1.2666033287090095	2.7456947929124103
4	-1.434343330913093	1.6779614976080013
4	-2.6595300770574606	3.477525148252627
4	-3.1030439692477167	1.7740883033759802
4	-1.5733082696815863	1.3006191923025323
4	-2.952823637695313	2.370833495604996
4	-3.0754035260588433	1.799975412708023
4	-3.2803786244824793	1.739848144149837
4	-1.0630788172075492	1.607929934295003
4	-2.0656272197972263	1.086553600073049
4	-2.72631108395056	1.5607162836008321
4	-2.508793768305333	1.8084086690001726
4	-2.3578681052071726	0.6541975888844371
4	-2.2427458882791043	2.2601742418765873
4	-2.0645807247386125	2.7724389257078457
4	-3.2000749372932855	1.2350446970976963
4	-2.848420111501916	2.873968510213589
4	-2.1517699090389866	1.526795605645361
4	-2.4526984585972706	0.6972801056747138
4	-2.6692947110653082	0.9768674848305375
4	-1.5483626586937902	2.3986688833059624
4	-3.1402953252859054	1.532157371674834
4	-0.20189534681420618	2.7945081218136543
4	-0.10318705238476511	1.8480337060316179
4	-2.061572398253032	2.5311474635346665
4	-2.8634706942055157	2.0432607618223346
4	-2.4413863860495355	1.743272048269031
4	-3.808427388254631	0.2303713624104884
4	-1.7444837859186348	2.06153571426489
4	-2.559340200913298	1.4016336534181195
4	-3.9288713706692677	1.7576518364097866
4	-2.150239755448498	1.6830942698972273
4	-1.9165019414911368	3.216411606694141
4	-3.2521892190230197	0.9404339936779332
4	-1.923223428473888	1.7084708464904441
4	-2.0434118674847603	0.26267981121591166
4	-4.312945768283989	1.770199122247375
4	-2.4510529533564327	2.006106068039102
4	-3.843530049760435	1.7281034187898858
4	-2.4845461137889946	1.7206706089548778
4	-1.4086936330881996	1.0758176013319714
4	-1.5807694765727205	1.6493286942123238
4	-4.249669840635541	0.8834681516925537
4	-2.6635481458251524	1.3618943089600026
4	-3.714708730241154	-0.1736696303934342
4	-2.6066379507197226	2.4492140760318377
4	-3.0030380563774	0.6233823942022076
4	-2.9249480317792833	1.9216472756433463
4	-2.136083149370463	0.6257505150046738
4	-3.8781529561068266	1.8197396349371484
4	-1.465945925065029	2.7335249003944466
4	-3.16895541883879	2.533129177567865
4	-1.289065179536073	0.8395845237731654
4	-1.8929494967712002	2.3166141796917503
4	-2.149269421827558	2.7299210645366534
4	-3.117118548800544	2.259638950557953
4	-1.7912932506488386	3.027735396589664
4	-2.060738203230323	1.714224290519844
4	-1.578839689345597	1.3797995189364534
4	-1.4663555232933998	1.2774147155197142
4	-0.5957631730634139	2.232104081439342
4	-1.546059302802889	2.0292361279362097
4	-0.8590899423829794	1.4074883005317997
4	-2.087891639220328	3.060511229906724
4	-1.1535261989420498	0.607225469302326
4	-3.194107532681321	1.8914537212897315
4	-2.5310572719402074	1.046706882416889
4	-1.890281891727513	2.421162465508112
4	-4.107230899104994	1.8736446688217798
4	-2.5801308536672605	2.051527688096606
4	-3.6613826859362746	0.5925804019882344
4	-3.6165492856437287	0.6459910403536531
4	-1.887431057475154	1.537992021011241
4	-1.2566953369765996	1.990230422270038
4	-3.518869477357426	1.3562505476100868
4	-3.3999256140903773	0.16627984174820365
4	-2.2929511171874353	2.2154025028946576
4	-2.6695455316568526	2.0221587447849676
4	-3.5611142204659547	2.770627011921359
4	-3.5255631297809673	1.4512230731487517
4	-2.6162226764200573	2.5541118835330368
4	-2.487157454321024	2.3320488553205325
4	-2.458368005035611	2.2239485136787445
4	-1.9207318351110336	1.8977169783201553
4	-2.5134787879403646	1.9093304081024913
4	-0.2732628548086464	1.166244329559777
4	-2.893422058476781	2.7466221150949197
4	-2.4448032285231918	3.140988283498399
4	-4.275391159138183	1.1008455080065374
4	-2.061639558771329	0.17049289945608503
4	-2.3862875675155575	1.9743294034836654
4	-1.495707391827731	1.113495570453491
4	-2.850598463215101	1.0150307807738448
4	-2.45079506912479	2.938909409678634
4	-1.3813419315965823	1.6072997429254694
4	-1.1549043669277876	2.0706156741783515
4	-4.633781252220917	1.798658095574451
4	-1.7464865564531604	0.8517714752661437
4	-2.6261671945239633	2.512318841660645
4	-0.7011796273845972	1.6742321795160011
4	-3.0003068010853227	1.8016224373002254
4	-2.2786746372118536	1.9927714388095894
4	-3.230671181146595	1.345712743661482
4	-1.777068165032468	1.218040578996968
4	-2.0755647975149727	1.1838525829225741
4	-3.350328144141955	-0.01665861851378958
4	-3.0195604071680937	1.5255357343251896
4	-1.1290866028066489	2.302972879426056
4	-3.341837700980473	2.234800594985152
4	-3.5420446053469306	0.11035915182609735
4	-1.208716647522128	2.475470266543717
4	-1.9289670839084239	3.07725889897294
4	-3.2526181758099053	2.702122148419701
4	-3.1353343487581435	2.4493865147298606
4	-2.744767002281219	2.028340181036259
4	-1.8215524296769185	1.6539178055336188
4	-3.5028343763733707	1.3979023142422198
4	-3.0169659216972198	3.241820148497681
4	-1.7633636759086704	1.4295600722036956
4	-2.648836239620686	1.373952684291087
4	-3.0812201589104147	2.418090334589329
4	-2.8066328839531267	2.279587821138166
4	-2.658537816445923	1.9899424265732912
4	-3.67274732852165	1.5296492954429344
4	-2.6756782098280527	1.2227806461969966
4	-1.8775304768868413	1.1006646857670135
4	-2.458937973835236	1.201992294579398
4	-2.146109335305006	1.740351019084475
4	-1.904009446459075	1.4938308320858051
4	-2.4710900590611597	2.0288367959560873
4	-2.8507252687814977	2.49900736786093
4	-2.9880273238652135	0.5059835549480745
4	-2.2895787240850956	0.3575119806081244
4	-1.8867833828099385	1.8389598870879102
4	-1.254580177151961	1.8698577468762319
4	-1.5320455876111767	2.4860588255755545
4	-2.8928670077682614	1.450751834895468
4	-3.149330475905059	1.8996566840736466
4	-2.010409658401848	2.1868769360304383
4	-2.295719158491864	1.7850788319544408
4	-4.029373628912157	2.7225420218654315
4	-2.044012722670542	1.7596958354031218
4	-2.7053081885800654	2.184645054104681
4	-2.021148974618761	2.159413878666098
4	-3.086212726866558	2.441984080903885
4	-3.104856856676072	3.1250819759438566
4	-1.7327276809850856	1.924884165889396
4	-2.9536624802245255	2.7788040889376813
4	-3.135953376670427	2.2972942822391706
4	-2.340653558453127	2.5490139659221427
4	-4.14071402572686	2.3622308218315524
4	-1.98904997986646	0.22482160120437622
4	-4.356664740279455	1.5771318971541757
4	-2.2129301014231166	1.7629596643159702
4	-2.2064932780095026	0.2383169802030911
4	-1.166938895113162	0.2220577732637461
4	-2.872283651723148	1.9783921754772196
4	-2.0422518254831443	0.08630270962657116
4	-0.9109367205685759	2.737534391832706
4	-0.5979483373970469	2.551353092684512
4	-2.8989579025244776	2.3947695197651924
4	-1.2874534382718101	2.3677167917982573
4	-2.83094060821361	1.9469749599629207
4	-1.9546448942331203	1.398716690719556
4	-2.186168577398358	1.9855408574575988
4	-2.023753811854362	2.1706087363540907
4	-2.3936559932657997	2.134910340946834
4	-3.399479458759398	2.3267881918309157
4	-3.0006111219103135	1.7625554663732426
4	-3.091001376392639	0.9899702874622082
4	-1.1123606077712573	1.4479866934077825
4	-2.98193613730399	2.0588344445375726
4	-3.1891553098031147	1.6743994010386187
4	-1.7488102844890487	1.5359481962839225
4	-1.7628551861054036	1.5260118067942177
4	-2.095539310379763	0.48129117995773907
4	-3.096725031308692	1.4130702164360707
4	-2.5574529707328892	1.7302542337164788
4	-4.293330488876391	1.275373868589603
4	-3.261448257371978	3.5243549400418166
4	-2.8380019034113917	2.1929522025297876
4	-2.419147057785981	2.925070832447399
4	-2.3332565152903073	2.957254691732766
4	-3.3703136678757	3.0180820798952555
4	-2.6257831808806347	2.0543843949790404
4	-2.841945727370642	2.0033685176398097
4	-1.335593433270545	2.181178116729971
4	-1.5679098407024725	1.0249798875701108
4	-1.214414090897997	1.2990709315075004
4	-3.021151848917833	2.0200944802469976
4	-3.9621806378395883	1.8297854589546563
4	-3.6922493136711267	1.6047672332187934
4	-2.5265626308698645	3.660843022893901
4	-1.2312877157671263	1.7006386816742824
4	-2.237149034822189	3.578100836204194
4	-1.7922611055294615	0.5382480754951311
4	-2.7316506112821077	1.2916328266224522
4	-1.6345608573012649	1.6178670388237355
4	-2.0844966661765536	1.707120145316976
4	-2.915967335057309	0.9344495639421712
4	-1.3332876870680102	1.360133165646091
4	-2.866596588649229	2.1520191364750683
4	-3.235636964260604	1.5647967639520055
4	-2.5775647074097425	0.919666715654994
4	-3.229019950095925	2.4783664960762306
4	-2.8790327321203946	2.2924778808651287
4	-2.708756944552319	1.5440348729290887
4	-3.0528271269337752	0.8232768289476549
4	-1.5667623285163916	1.657129189253336
4	-2.6827891487280198	0.745364009367212
4	-0.8910356057543525	2.1410582110510457
4	-1.036074182430526	1.642458833505489
4	-3.0890544991297197	0.7145744060771668
4	0.07315455378014724	2.87119934794135
4	-2.309593270042607	-0.5868351140680574
4	-2.683442726496309	2.8532359303850225
4	-1.1838587675442722	1.6953171019796391
4	-1.9856045060947987	2.8465932747282645
4	-2.4399924659705294	2.549925584333677
4	-2.345210656704444	2.6995147864579323
4	-2.6801862016099123	2.804746505448858
4	-3.010370478612055	1.5806647907714404
4	-1.8286755046942538	2.2759565913354267
4	-2.655077342879512	1.7096675559553338
4	-2.5071614570570837	2.055594545261215
4	-3.4371906623697366	3.5304454267917555
4	-2.526002499753903	1.3595596120956641
4	-4.431777362485173	1.586456019353993
4	-2.248539450463252	1.2790739554916333
4	-2.6699168629834213	0.33100961588650124
4	-0.955257638585745	2.1545248828168044
4	-3.0898616756070467	2.5275686184266153
4	-3.766356134078554	1.9951976490719143
4	-3.5929786716339573	1.6965923503725013
4	-2.1787201284385262	3.432872468231102
4	-2.5132213510460626	1.9908204781905043
4	-2.5867735653647235	0.6204225809191966
4	-1.9564021436736865	1.4686737838149349
4	-3.2488353907336873	2.2871016953286643
4	-1.0819762360936236	3.2441664398637853
4	-2.4999017411511293	2.127933862785763
4	-0.9624025397149745	2.9349571324116495
